BG0 = [
    -1    -1     5    -1     5     5    13    -1    -1    -1    -1    -1    -1    -1    -1    -1    -1    -1    -1    -1     7    -1    11    -1     5    -1    12    -1     0    -1    13     2    -1    -1     6    -1    -1    13    -1    -1    -1    -1
     8     8    -1    12     1    -1    -1     9    -1    -1    -1     7    -1     9    -1    -1    -1     8    12    -1    -1     9    -1    -1    -1    -1    -1    -1    -1    -1    -1    -1    -1    -1    -1    -1    -1    -1     3    -1    -1    -1
    -1    11    -1    -1    -1    -1     4    -1    11    -1     2    -1    -1    -1     8    -1     1    12     3    -1    -1    -1    -1     0    12    -1    -1    -1    12    -1    -1    10     9     5    12    -1    -1    -1    -1     9    -1    -1
     6    -1    -1    -1    -1     0    -1     5     6    -1    -1    -1     7     8    -1     4    -1    -1    -1    -1     6    -1    -1    -1    -1     0    -1    -1     5    -1    -1    -1    -1    -1    -1     7     0    -1    -1    -1    10    -1
    -1    -1     2    -1    -1    -1    -1    -1    -1     5     4    10     0    -1    12    -1    -1    -1    -1    12    -1    -1    -1    -1    -1    -1    -1     8    -1     5    13    -1    12    -1    -1    -1    11    -1    -1    -1    -1     6
];

BG1 = [
     7    -1    -1    -1    -1    -1    -1     1    -1     5    -1    12     6    10    -1    11    -1     5     1    -1    -1     3    -1     5    -1    -1    -1     5    -1    -1    -1    -1    -1    11    -1     4    -1    -1     3    -1     2    -1
    -1    -1     0    -1    -1     8    -1    -1     9    -1     5    -1    -1    -1    -1    -1     7    -1    -1     1     6    -1    -1     5     7    -1    13    10    -1     5     9     0    11    12    -1    -1    -1     4    -1     9     5     3
     6    -1     8     1    11     6    -1    -1    -1    -1    -1    13     1    13    -1     7    -1    -1    -1    -1    -1     0     8    -1    -1    13    -1    -1    -1    -1    -1    -1    -1    -1    -1     4     2    -1    -1    -1    -1     0
    -1     7    -1    -1    -1    -1     8    -1    -1     3     9    -1    -1    -1     2    -1    -1    -1     5     9    -1    -1    -1    -1    -1    -1    -1    -1    -1    12     9    -1    12     0    10    -1    -1    13     5     6    -1     8
    -1    -1    -1     8     6    -1    -1    -1     2    -1    -1    -1    -1    -1    -1    -1     2    -1    -1    -1     5    -1     0    -1     4    12     7    -1     5    -1    -1     4    -1    -1    10     0    -1     9     4     9     7    -1
];